 1948 2026
1948   -41.032    78.172   161.387   291.000   -87.290   -14.200   130.710   178.839    91.600   -42.129    19.200   127.484
1949   179.807    75.464    59.194   -30.000    27.839    41.667   117.484   145.032   -58.300    35.839   -85.733   104.419
1950   296.710   -71.678   -88.581   -18.800   -30.000   101.500    59.290   104.355    -8.433    -4.936   215.633   -49.581
1951    62.903   138.000   -46.032  -106.233   -79.936   -40.167   156.839   117.355   -48.967    44.871    35.600   240.807
1952    46.419   -83.379   -24.613     8.700    88.193    -8.167   102.290    92.774   -34.433     2.065   -70.267  -182.548
1953  -184.807  -103.179    19.323   -64.900  -147.226   120.900    98.677   168.161    34.800  -105.484   -56.067  -140.484
1954    88.032    11.250   197.323    50.200    -2.452  -121.500   147.065   221.548   138.600  -188.452   -73.667    46.258
1955   -53.194   157.893    42.032    75.100  -121.871    70.167   135.484   124.097    97.067   -33.548   -16.533   103.387
1956    59.097    91.069   -30.032    32.233   -58.516   -17.900   184.774    43.710    96.167   106.258   -24.500   -94.161
1957   279.936    23.500   -49.613    84.933   -64.581    -1.633    98.226   176.226  -119.767    57.710  -112.233   -10.419
1958  -195.839  -232.607   143.065    26.867   -12.355   -43.333    15.226    22.064    30.900    47.613    -7.467  -176.355
1959   -67.290   153.000  -112.193    47.367   -27.290    49.967    94.032    66.774   -52.200   -53.968  -147.500     4.968
1960   -15.193   -30.448   -38.129   -80.800   -83.097    33.367    68.581    62.677    38.367   -64.968   -95.233   -73.193
1961  -207.871  -104.893  -186.903    98.967     9.548    51.500   164.226    17.516   136.100    68.129   119.933  -109.064
1962   131.936   134.214    51.581    20.233    88.548   143.333   158.419   155.065    34.267   -63.129  -125.900   -34.419
1963    -1.258  -162.000   218.194    94.000    94.484    12.067   197.774   164.000   -66.100   -92.258   -67.700  -105.226
1964   -84.452   -61.897    52.129   121.400   155.097   -23.400    89.774    56.484    57.500    36.645   -35.600    82.839
1965  -122.258   -31.679    58.484   133.900    50.000   -76.733    90.871   178.548     6.233     0.516   262.367   112.355
1966   -39.032   193.643   -83.871    -7.533    75.323    10.200   127.581   -24.548    -7.033   -68.710   224.067   -47.903
1967   144.129    27.679   278.645   250.933    73.064     1.000   265.226   101.839  -198.467   -42.871    96.667    43.613
1968   184.613  -195.138   -26.548   -55.233     3.000    -7.700    38.645     8.710   -31.233    41.064  -291.900   132.419
1969   237.645   -90.036    47.452   -40.300   -54.903   -50.067   158.968   171.193   -15.500   -96.484   -78.900  -201.226
1970  -174.613  -212.250  -149.516    -9.600   -74.613    11.767    35.677    91.452    38.000   108.387   244.033   113.807
1971    16.323  -112.536   -46.290   -83.033   -87.032     3.700    91.032    60.193    60.833   141.484    51.033   175.387
1972    59.065   -73.104    -2.968    41.800    -4.710    18.000    71.807    71.064    16.033   122.419   -64.067    57.226
1973   102.516    55.179   -73.903   -79.300  -108.484   -36.333   118.871   184.419    47.167    44.419   199.933   -79.355
1974   -46.968   -64.107   -63.710  -123.467   -37.645    24.233   116.161   125.484   -16.800  -176.903    18.867  -108.548
1975    44.807   -31.000   -43.323   110.700  -131.355     6.800    30.000   126.032    63.700   -26.581    -7.933   -39.161
1976   -42.581     4.276    22.032    -7.500   -35.129    50.800    45.194    86.452   -80.733   -51.839   -98.000  -177.290
1977  -218.548  -182.250    29.742    72.633    -6.968   -25.267   -15.419    -9.032   198.800   -88.968  -128.867    84.516
1978   -81.258  -135.571  -129.355    -3.000   -59.581   162.233    32.290   140.935    15.100   -81.871   171.733   193.032
1979    48.161    -5.607   -96.968   122.167   -98.452   159.100   150.516   147.258   -32.733  -128.226   125.767    52.323
1980   -30.452  -101.379    -5.161  -247.733  -115.968   179.500    49.032   125.871   -27.867   -60.774   -92.533  -173.484
1981  -129.194   -79.214  -146.258    93.600   -48.774   -61.567   187.645    45.742   -30.167   -17.355   -28.700     8.935
1982   -28.581   111.643   107.710    66.133   -20.677    11.767    46.065   122.677   -15.333    46.613   -62.633  -150.355
1983  -196.065  -273.643  -235.387    25.533   -73.839   -58.067    43.677   208.968    61.633    53.968  -145.633    78.645
1984   -50.064  -103.379  -197.806   -73.567    22.419   -19.900   155.548   162.710   -10.333   -45.194   -43.433   137.355
1985  -154.935    47.857    50.936   -97.900    49.000   -21.433    75.484   122.194   175.367    62.484   145.700   -91.258
1986  -233.452  -113.500  -101.581    63.567   -16.645   -40.000   106.355    95.871   151.467    34.161   -20.000  -151.516
1987   -45.355   -58.571   -28.742   -44.133    -7.032  -113.467    38.677   136.516    51.267    33.258  -147.033    26.258
1988   -11.807  -160.897  -102.903  -115.467  -150.710     7.900    34.097    97.387    37.667   -59.581  -147.766    32.194
1989   135.677   395.714   -41.516   111.567    60.710    19.967   177.065   124.290    30.633   112.290   -20.467  -119.194
1990   -58.484    52.929    71.323    17.700    14.129    77.767    39.645   101.097    10.167    27.548   139.433    92.581
1991   -20.065  -173.357   220.516   -50.833   -24.323     8.467    76.161    56.581  -113.267    57.387  -139.033   -36.677
1992  -184.839     9.000   -84.323    11.300   157.806   -12.633    52.903   104.000    14.800    21.613    41.967   119.516
1993   163.677    10.607   -23.387  -194.667  -100.677   -29.800    60.097   138.032   115.733    86.677   216.900  -163.000
1994  -108.484    13.572   -29.484   -59.867  -113.710    60.667   137.355   299.419   -11.967    -6.323   208.567    11.323
1995  -129.322   -58.964   -15.968    24.000  -108.581    15.233    53.710   123.387   -43.000   -80.355   -64.533  -182.936
1996    76.613   141.690   179.064  -146.633    90.064   111.167   149.613   139.548   -47.733    12.097    62.067   -36.613
1997  -124.968  -114.179    28.581   -13.900    69.903    -2.967    80.000   138.677   -18.367   -57.936    41.500   -93.258
1998  -234.226  -252.250   -32.935    36.567    22.129    21.067    38.774   183.677    28.600   -18.419   -50.200    13.290
1999    26.710    -6.429   -26.903    34.300   -18.000   -25.133   118.774    43.581    59.367  -112.581     1.367  -118.936
2000    50.258   -80.517  -170.871   -57.067     0.129    36.067   100.355   161.290    84.933    52.839   -58.367  -159.452
2001  -194.355   140.536   -93.613    43.067   -47.064   129.567   138.097   107.129    16.567   -40.097  -110.133   -83.645
2002   -51.871   -96.857   118.161   162.700    68.903    14.833   110.742    36.097   144.300   -67.355  -213.300   -38.194
2003  -172.935  -105.464   -28.548    94.500    32.000    21.100   137.194    90.774   -15.633   -92.032   274.933    15.194
2004  -166.097  -165.828     5.774   -10.900    41.129    13.467   122.161    68.677    79.800    41.226    65.833   -10.064
2005    20.581   -61.643   -96.387   -42.933  -148.129    -4.933    20.871   125.290   115.867    11.129   -89.833  -218.774
2006   -90.903   194.714    80.129   -30.600    52.484    70.567    70.871    66.258     9.400    77.581   -43.300   -70.484
2007   -13.129   -17.179    16.774  -172.467   -11.613    38.233     3.774   108.097   102.333   -72.193   -28.300   -29.032
2008   131.710   -92.483  -163.968   110.333  -115.903    76.700    52.161   -33.516    12.400    31.193   -83.533    63.903
2009   -92.839   290.036   -48.226   114.267    92.710   -51.700    42.323   110.742   -61.100   -60.871   -32.667  -112.677
2010  -145.290  -196.500   -60.290     1.267  -130.581   -18.200    76.581   153.871    79.267  -139.839    55.900   -33.516
2011   -14.871   275.964    26.484   -26.267    -7.097    22.067   107.452    63.322   -67.033    23.452    89.500    19.258
2012   -77.387   -26.862   -34.290   -69.100   -82.968    64.667   117.323   158.935   -10.033     2.355   -87.833   -24.484
2013  -116.935  -102.786   110.581   -72.567    34.226    86.300   167.484    51.484    20.800    27.323   178.600     7.581
2014   -33.452  -110.786   -41.645   -36.033   150.742    19.367    71.323    16.774    21.567   -92.395   -58.467   -99.919
2015   -82.185   -64.527   -34.903   -31.575    61.355    87.825    26.702   153.242    62.408   -52.210    73.600  -105.363
2016  -231.831  -229.595  -200.266  -216.392    35.823    98.508   147.984    99.710   107.433    52.315   -70.500   184.186
2017   104.145   125.938    32.637   -55.700    -8.266   -34.000   182.347    20.839     7.167   127.960   216.150    -2.581
2018   -56.500   250.428   232.153   -27.933   -40.871   -29.717   171.452   151.339   118.442   -72.314   -85.783   -28.968
2019    14.105   392.009   127.718   -86.033   -89.121    22.975   123.516   135.718    98.800    74.677    51.583   -97.250
2020    32.266    68.000   312.073   140.958   -67.024   -44.975    63.460    16.129    -5.650    15.266   128.042  -101.089
2021   -56.992    44.786   214.855    66.642   -95.258    11.542   149.137   107.177     2.958     9.323  -114.892   311.976
2022  -142.782    19.482   -63.403   -19.700     0.831    25.642    62.629   114.960    67.925   117.266   128.367    15.710
2023   -94.766   109.911   161.105    26.242    47.081    40.375   161.831    96.234    96.383    25.089    73.142   -44.944
2024   -76.927    29.853   -16.589   119.967    -1.952  -124.050   174.565   235.339   115.825    57.621   -38.392  -172.468
2025    -7.766   -56.839   -52.056   -67.442   -75.339    67.667    86.758   183.307    65.133    79.073   -62.567    36.129
2026   -80.323    30.803 -9999.000 -9999.000 -9999.000 -9999.000 -9999.000 -9999.000 -9999.000 -9999.000 -9999.000 -9999.000
-9999
ALBSA: Aleutian Low - Beaufort Sea Anticyclone
https://psl.noaa.gov/data/timeseries/ALBSA/
Using 850mb height from  NCEP R1 4 pts:
N:75N,170W S:50N,170W,E:55N,150W, W: 55N,200W
ALBSA = [E - W] - [N - S]
Date produced Mar 19 2026
provided by NOAA PSL
See https://www.gsl.noaa.gov/grad/pacificarctic.html
