NCEI 
1990   -0.08     0.02     0.06     0.10     0.08     0.05     0.05     0.18      0.33      0.33      0.13      0.08
1991    0.01     0.04     0.01    -0.05    -0.12     -0.06   -0.09    -0.02      0.06     -0.13     -0.14     -0.06
1992   -0.01      0.04     -0.00     -0.08     -0.18     -0.10     -0.24     -0.38     -0.33     -0.26     -0.28     -0.10
1993    0.00     -0.04     -0.16     -0.04     -0.08     -0.19     -0.32     -0.14     -0.09     -0.16     -0.17     -0.15
1994   -0.20     -0.22     -0.17     -0.03     -0.12     -0.13     -0.17     -0.22     -0.18      0.04      0.18      0.13
1995      0.19      0.17      0.20      0.27      0.40      0.45      0.45      0.39      0.19      0.28      0.27      0.19
1996      0.13      0.06     -0.04      0.11     -0.00     -0.03     -0.08      0.09      0.10     -0.03     -0.04     -0.03
1997      0.13     0.20      0.18      0.12      0.13      0.05      0.18      0.13      0.23      0.36      0.23      0.24
1998      0.30      0.38     0.37      0.36      0.43      0.65      0.57      0.70      0.45      0.48      0.49      0.47
1999      0.23      0.18      0.18      0.29      0.45      0.41      0.37      0.52      0.45      0.25      0.12      0.25
2000      0.11      0.17      0.36      0.25      0.32      0.14      0.20      0.22      0.25      0.20      0.23      0.07
2001      0.08      0.23      0.25      0.15     0.16      0.32      0.30      0.45      0.52      0.47      0.40      0.51
2002      0.58      0.44      0.43     0.30      0.09      0.01     -0.02      0.22      0.26      0.35      0.31      0.21
2003      0.25      0.19      0.31      0.22      0.27      0.26      0.42      0.62      0.66      0.79      0.51      0.53
2004      0.51      0.46      0.39      0.36      0.17      0.30      0.37      0.46      0.44      0.56      0.52      0.51
2005      0.48      0.31      0.47      0.61      0.54      0.59      0.74      0.74      0.73      0.63      0.52      0.51
2006      0.48      0.35      0.27      0.46      0.52      0.59      0.63      0.69     0.63      0.67      0.66      0.50
2007      0.60      0.52      0.42     0.39      0.35      0.28      0.26      0.19      0.39      0.56      0.54      0.45
2008      0.43      0.52      0.49      0.30      0.44      0.59      0.51      0.49      0.48      0.50      0.40      0.33
2009      0.24      0.00      0.03      0.09      0.11      0.36      0.46      0.40      0.36      0.56      0.46      0.49
2010      0.39      0.43      0.52      0.70      0.75      0.88      0.83      0.91      0.67      0.60      0.63      0.43
2011      0.42      0.36      0.30      0.40      0.41      0.50      0.38      0.44      0.43      0.49      0.33      0.33
2012      0.38      0.34      0.37      0.41      0.47      0.58      0.64      0.74      0.81      0.76      0.56      0.55
2013      0.54      0.44      0.44      0.37      0.37      0.33      0.53      0.50      0.61      0.78      0.57      0.40
2014      0.33      0.27      0.20      0.20      0.20      0.29      0.48      0.59      0.60      0.72      0.50      0.49
2015      0.41      0.31      0.26      0.29      0.41      0.40      0.39      0.48      0.71      0.72      0.63      0.60
2016      0.72      0.64      0.61      0.53      0.63      0.66      0.68      0.78      0.78      0.77      0.76      0.72
2017      0.74      0.69      0.57      0.69      0.62      0.67      0.75      0.75      0.77      0.88      0.91      0.88
2018      0.68      0.48      0.41      0.37      0.33      0.25      0.39      0.54      0.61      0.56      0.38      0.37
2019      0.46      0.50      0.45      0.39      0.37      0.58      0.66      0.74      0.69      0.66      0.63      0.59
2020      0.72      0.85      0.83      0.86      0.65      0.71      0.84      0.87      0.71      0.74      0.66      0.62
2021      0.62      0.58      0.47      0.61      0.58      0.59      0.63      0.69      0.83      0.96      0.92      0.82
2022      0.84      0.79      0.53      0.46      0.64      0.57      0.55      0.88      0.99      0.93      0.83      0.70
2023      0.76      0.74      0.87      0.94      1.07      1.27      1.45      1.36      1.42      1.37      1.13      1.02
2024      1.07      1.16      1.19      1.13      1.38      1.39      1.32      1.25      1.22      1.25      1.15      1.11
2025      0.98      0.86      0.75      0.67      0.73      0.78      0.88      0.83      0.76      0.99      -999      -999